-2.5  -1.5  0  20  0 0.  0. 
-2.5  -1.5  20  30  0 0.  0. 
-2.5  -1.5  30  50  0.0158203 0.  0. 
-2.5  -1.5  50  100  0.0140174 0.  0. 
-2.5  -1.5  100  200  0.0153697 0.  0. 
-2.5  -1.5  200  1000  0.0203821 0.  0. 
-1.5  -0.5  0  20  0 0.  0. 
-1.5  -0.5  20  30  0 0.  0. 
-1.5  -0.5  30  50  0.00996317 0.  0. 
-1.5  -0.5  50  100  0.00758526 0.  0. 
-1.5  -0.5  100  200  0.00937771 0.  0. 
-1.5  -0.5  200  1000  0.011698 0.  0. 
-0.5  0.5  0  20  0 0.  0. 
-0.5  0.5  20  30  0 0.  0. 
-0.5  0.5  30  50  0.00648924 0.  0. 
-0.5  0.5  50  100  0.00577734 0.  0. 
-0.5  0.5  100  200  0.00711383 0.  0. 
-0.5  0.5  200  1000  0.00936895 0.  0. 
0.5  1.5  0  20  0 0.  0. 
0.5  1.5  20  30  0 0.  0. 
0.5  1.5  30  50  0.0100303 0.  0. 
0.5  1.5  50  100  0.0072817 0.  0. 
0.5  1.5  100  200  0.00869609 0.  0. 
0.5  1.5  200  1000  0.0126109 0.  0. 
1.5  2.5  0  20  0 0.  0. 
1.5  2.5  20  30  0 0.  0. 
1.5  2.5  30  50  0.0133624 0.  0. 
1.5  2.5  50  100  0.0120653 0.  0. 
1.5  2.5  100  200  0.0137647 0.  0. 
1.5  2.5  200  1000  0.0211349 0.  0. 
