-2.5  -1.5  0  20  0 0.  0. 
-2.5  -1.5  20  30  0 0.  0. 
-2.5  -1.5  30  50  0.33029 0.  0. 
-2.5  -1.5  50  100  0.326823 0.  0. 
-2.5  -1.5  100  200  0.30923 0.  0. 
-2.5  -1.5  200  1000  0.217001 0.  0. 
-1.5  -0.5  0  20  0 0.  0. 
-1.5  -0.5  20  30  0 0.  0. 
-1.5  -0.5  30  50  0.427656 0.  0. 
-1.5  -0.5  50  100  0.48271 0.  0. 
-1.5  -0.5  100  200  0.46052 0.  0. 
-1.5  -0.5  200  1000  0.372938 0.  0. 
-0.5  0.5  0  20  0 0.  0. 
-0.5  0.5  20  30  0 0.  0. 
-0.5  0.5  30  50  0.43991 0.  0. 
-0.5  0.5  50  100  0.501115 0.  0. 
-0.5  0.5  100  200  0.48693 0.  0. 
-0.5  0.5  200  1000  0.360076 0.  0. 
0.5  1.5  0  20  0 0.  0. 
0.5  1.5  20  30  0 0.  0. 
0.5  1.5  30  50  0.441536 0.  0. 
0.5  1.5  50  100  0.463321 0.  0. 
0.5  1.5  100  200  0.472718 0.  0. 
0.5  1.5  200  1000  0.382383 0.  0. 
1.5  2.5  0  20  0 0.  0. 
1.5  2.5  20  30  0 0.  0. 
1.5  2.5  30  50  0.28328 0.  0. 
1.5  2.5  50  100  0.340896 0.  0. 
1.5  2.5  100  200  0.300691 0.  0. 
1.5  2.5  200  1000  0.363282 0.  0. 
