-2.5  -1.5  0  20  0 0.  0. 
-2.5  -1.5  20  30  0 0.  0. 
-2.5  -1.5  30  50  0.0175888 0.  0. 
-2.5  -1.5  50  100  0.0135889 0.  0. 
-2.5  -1.5  100  200  0.016849 0.  0. 
-2.5  -1.5  200  1000  0.0227108 0.  0. 
-1.5  -0.5  0  20  0 0.  0. 
-1.5  -0.5  20  30  0 0.  0. 
-1.5  -0.5  30  50  0.0221058 0.  0. 
-1.5  -0.5  50  100  0.0239652 0.  0. 
-1.5  -0.5  100  200  0.0355888 0.  0. 
-1.5  -0.5  200  1000  0.025705 0.  0. 
-0.5  0.5  0  20  0 0.  0. 
-0.5  0.5  20  30  0 0.  0. 
-0.5  0.5  30  50  0.0284599 0.  0. 
-0.5  0.5  50  100  0.0229547 0.  0. 
-0.5  0.5  100  200  0.0224589 0.  0. 
-0.5  0.5  200  1000  0.0348512 0.  0. 
0.5  1.5  0  20  0 0.  0. 
0.5  1.5  20  30  0 0.  0. 
0.5  1.5  30  50  0.0225392 0.  0. 
0.5  1.5  50  100  0.0236639 0.  0. 
0.5  1.5  100  200  0.0273576 0.  0. 
0.5  1.5  200  1000  0.0168245 0.  0. 
1.5  2.5  0  20  0 0.  0. 
1.5  2.5  20  30  0 0.  0. 
1.5  2.5  30  50  0.0157577 0.  0. 
1.5  2.5  50  100  0.0182119 0.  0. 
1.5  2.5  100  200  0.027676 0.  0. 
1.5  2.5  200  1000  0 0.  0. 
