-2.5  -1.5  0  20  0 0.  0. 
-2.5  -1.5  20  30  0 0.  0. 
-2.5  -1.5  30  50  0.328898 0.  0. 
-2.5  -1.5  50  100  0.330917 0.  0. 
-2.5  -1.5  100  200  0.349171 0.  0. 
-2.5  -1.5  200  1000  0.400474 0.  0. 
-1.5  -0.5  0  20  0 0.  0. 
-1.5  -0.5  20  30  0 0.  0. 
-1.5  -0.5  30  50  0.369573 0.  0. 
-1.5  -0.5  50  100  0.37261 0.  0. 
-1.5  -0.5  100  200  0.384679 0.  0. 
-1.5  -0.5  200  1000  0.388783 0.  0. 
-0.5  0.5  0  20  0 0.  0. 
-0.5  0.5  20  30  0 0.  0. 
-0.5  0.5  30  50  0.325744 0.  0. 
-0.5  0.5  50  100  0.32687 0.  0. 
-0.5  0.5  100  200  0.353302 0.  0. 
-0.5  0.5  200  1000  0.34113 0.  0. 
0.5  1.5  0  20  0 0.  0. 
0.5  1.5  20  30  0 0.  0. 
0.5  1.5  30  50  0.352198 0.  0. 
0.5  1.5  50  100  0.33723 0.  0. 
0.5  1.5  100  200  0.361507 0.  0. 
0.5  1.5  200  1000  0.374501 0.  0. 
1.5  2.5  0  20  0 0.  0. 
1.5  2.5  20  30  0 0.  0. 
1.5  2.5  30  50  0.340248 0.  0. 
1.5  2.5  50  100  0.322343 0.  0. 
1.5  2.5  100  200  0.362226 0.  0. 
1.5  2.5  200  1000  0.338823 0.  0. 
