-2.5  -1.5  0  20  0 0.  0. 
-2.5  -1.5  20  30  0 0.  0. 
-2.5  -1.5  30  50  0.00100092 0.  0. 
-2.5  -1.5  50  100  0.00126284 0.  0. 
-2.5  -1.5  100  200  0.00158116 0.  0. 
-2.5  -1.5  200  1000  0.00119295 0.  0. 
-1.5  -0.5  0  20  0 0.  0. 
-1.5  -0.5  20  30  0 0.  0. 
-1.5  -0.5  30  50  0.000807126 0.  0. 
-1.5  -0.5  50  100  0.000740419 0.  0. 
-1.5  -0.5  100  200  0.00104544 0.  0. 
-1.5  -0.5  200  1000  0.00275166 0.  0. 
-0.5  0.5  0  20  0 0.  0. 
-0.5  0.5  20  30  0 0.  0. 
-0.5  0.5  30  50  0.000829513 0.  0. 
-0.5  0.5  50  100  0.000660646 0.  0. 
-0.5  0.5  100  200  0.00082228 0.  0. 
-0.5  0.5  200  1000  0.00167858 0.  0. 
0.5  1.5  0  20  0 0.  0. 
0.5  1.5  20  30  0 0.  0. 
0.5  1.5  30  50  0.0008814 0.  0. 
0.5  1.5  50  100  0.00075888 0.  0. 
0.5  1.5  100  200  0.000986875 0.  0. 
0.5  1.5  200  1000  0.0026701 0.  0. 
1.5  2.5  0  20  0 0.  0. 
1.5  2.5  20  30  0 0.  0. 
1.5  2.5  30  50  0.000872835 0.  0. 
1.5  2.5  50  100  0.0012692 0.  0. 
1.5  2.5  100  200  0.00185209 0.  0. 
1.5  2.5  200  1000  0.0032153 0.  0. 
