-2.5  -1.5  0  20  0 0.  0. 
-2.5  -1.5  20  30  0 0.  0. 
-2.5  -1.5  30  50  0.528953 0.  0. 
-2.5  -1.5  50  100  0.535418 0.  0. 
-2.5  -1.5  100  200  0.502584 0.  0. 
-2.5  -1.5  200  1000  0.594713 0.  0. 
-1.5  -0.5  0  20  0 0.  0. 
-1.5  -0.5  20  30  0 0.  0. 
-1.5  -0.5  30  50  0.615502 0.  0. 
-1.5  -0.5  50  100  0.688019 0.  0. 
-1.5  -0.5  100  200  0.665118 0.  0. 
-1.5  -0.5  200  1000  0.614605 0.  0. 
-0.5  0.5  0  20  0 0.  0. 
-0.5  0.5  20  30  0 0.  0. 
-0.5  0.5  30  50  0.633681 0.  0. 
-0.5  0.5  50  100  0.682232 0.  0. 
-0.5  0.5  100  200  0.697761 0.  0. 
-0.5  0.5  200  1000  0.579906 0.  0. 
0.5  1.5  0  20  0 0.  0. 
0.5  1.5  20  30  0 0.  0. 
0.5  1.5  30  50  0.647725 0.  0. 
0.5  1.5  50  100  0.660522 0.  0. 
0.5  1.5  100  200  0.651823 0.  0. 
0.5  1.5  200  1000  0.542489 0.  0. 
1.5  2.5  0  20  0 0.  0. 
1.5  2.5  20  30  0 0.  0. 
1.5  2.5  30  50  0.498918 0.  0. 
1.5  2.5  50  100  0.538434 0.  0. 
1.5  2.5  100  200  0.525759 0.  0. 
1.5  2.5  200  1000  0.504532 0.  0. 
